FontSize=70
Left=477.3333333333333
Top=-36.666666666666664
Width=168.66666666666666
Height=135.33333333333331
IsFullScreen=False
